350.999544620513,410.506011009216
350.396413666545,418.4673396016
349.791192100252,426.456264276668
349.186442698352,434.438956381753
348.583179473876,442.402030944824
347.582494892179,450.345999650657
346.518890366307,458.282125728321
345.456967712918,466.205702449762
344.394973934497,474.129809873367
343.33105700463,482.068266965448
342.268970112432,489.993069161078
342.367540298611,497.954152837512
342.860358178615,505.937802493572
343.354262320674,513.939049594919
343.846419903449,521.912002435885
344.339810691773,529.904933206737
345.706998340785,537.7669018507
347.491422615945,545.553480505943
349.280971050262,553.362419128417
351.357090950012,561.080181956291
353.631325123831,568.755722292931
355.903320817276,576.423707758309
358.307597219944,584.021577894687
362.380462877452,590.927741400897
366.440863256692,597.812768130912
370.978608557954,604.30799987819
376.967979343608,609.606289419345
382.936770915985,614.936770915985
388.595152374473,620.595152374473
394.296661444008,626.189863324165
401.035502349026,630.502721503376
407.705834359861,634.911728418432
414.089752864441,639.738593629212
420.47141031397,644.563749261782
426.846776783466,649.384148299694
419.345435127615,647.924060173332
411.508636593818,646.310601651668
403.968006628565,643.717624129727
396.481996602378,640.885079795494
388.818061992526,638.929422684013
380.833676680922,638.719307281076
372.829780578613,638.508678436279
365.02197262831,640.244873053394
357.264385819435,642.109953284263
350.00001,645.5
342.760353088378,648.878501892089
336.225364676676,653.481882373802
329.690840391442,658.09864895977
323.11328125,662.65234375
317.165845870971,667.884400367736
312.28822446987,674.225308189168
307.580490122549,680.676581812091
303.211250622756,687.376082378439
299.239129760302,694.31620682124
295.753886796534,699.515547186136
293.81322864443,691.752914577722
292.236478302627,683.930663450621
291.419511068146,675.96523291443
290.603317182511,668.007342529483
288.868399012833,660.201662553474
287.001093130558,652.421221377328
285.136424731463,644.651769714429
283.492350642569,636.817803304642
281.965655393898,628.966227740049
281.00001,621.065708637237
281.00001,613.065670126117
281.170673184096,605.062497213482
281.477870471775,597.075367733836
281.837160261347,589.082474250346
282.200644491007,581.085821197833
282.750615417957,573.110223591327
284.168843737919,565.245502907899
285.587619908154,557.377744145691
287.010358079336,549.488014287315
288.944051146507,541.774736583232
292.066862812032,534.413823371636
295.229750633239,527.061385154724
298.940182611346,519.97783319652
302.654834831133,512.88622441329
306.501230835914,505.884853065013
311.548339290544,499.690674507059
316.602005628868,493.488447637297
322.837837010622,488.488944128155
329.158244371414,483.604992985725
335.489708099514,478.712498286738
342.319806978106,474.672077208757
349.747337341308,471.701065063476
357.168640136718,468.732543945312
364.584223232232,465.731573109515
371.845665514469,462.395234763622
379.1283262996,459.049147375859
386.571406451985,456.142864516004
394.146334687247,453.617888437584
401.744799941545,451.085066686151
409.327583312988,448.557472229003
416.82103934884,445.754610244184
424.323481798171,442.941194325685
431.546164087951,439.547222189605
438.733662234037,436.0370486764
445.93381165713,432.520696632564
452.494327621534,427.984914430417
458.958130672574,423.261366046965
464.31075473316,417.360253972001
469.447692871093,411.235443115234
474.686195591464,405.184097055345
480.127547776326,399.324179317802
485.567466735839,393.46580505371
488.654489348642,386.129556979984
491.539044967852,378.663648318499
494.426517009735,371.19019126892
497.610797270317,363.863465085742
500.811038792133,356.521734535694
503.443630960304,349.023060471634
504.853250574786,341.152684290776
506.263370126485,333.279516793787
507.675846774131,325.393188844434
509.079901516437,317.520590901374
510.393390603363,309.639656379818
511.709598504938,301.74240897037
513.003737151622,293.83930248022
513.189741502515,285.841115391813
513.37544048985,277.856058936449
513.224008377641,269.878079587593
512.385963167995,261.916650095954
511.547465831041,253.950925394892
511.5,245.950178171508
511.5,237.958428718149
511.734627765603,229.961167031899
512.00001,221.971611499786
512.00001,213.967057883739
512.00001,205.961940221488
513.99997165054,198.277865976095
516.449462890625,190.6572265625
519.560118684545,183.286863100714
522.683311268687,175.925052009522
527.952059292816,170.122399970772
533.988999518565,164.864419774152
540.175898344255,159.836672728881
547.142659435863,155.906704933615
554.111667684628,151.975469511235
561.289667383767,148.519846594892
568.831779003143,145.869915485382
576.38447189331,143.21626663208
584.184303306858,141.422957810689
591.992897370946,139.708876186865
599.853066094219,138.264693390578
607.822216041386,137.467778395861
615.777501203119,136.672249879688
623.658799419179,135.326895348727
631.50730407238,133.831942081451
639.32058917731,132.171764329075
646.750363767729,129.199854492908
654.176717548631,126.229312980547
661.489094518125,122.990699648857
668.764247991144,119.664915204048
670.72987884283,117.863957524299
662.796875,118.90625
654.872555396519,119.947401480749
646.930327350155,120.9909058956
638.999147501424,122.03295872244
631.067882313873,123.07502276168
623.132020458229,124.117690742714
615.199648564608,125.159900188591
607.279117584228,126.200553894042
599.334453344345,127.272574543952
591.411425929516,128.352987373247
583.490346904844,129.433134512975
575.628160666674,130.857970403507
567.749229140754,132.309352526703
559.882294635754,133.758524672361
552.014069873839,135.207934496924
544.191205501556,136.823517799377
536.764211463741,139.794315414503
529.339702129364,142.764119148254
521.731788472272,143.867442930117
513.879526755772,142.347650339826
506.021639875136,140.804327975027
498.194472662173,139.238894532434
490.311272889375,137.879376634955
482.333810728043,137.309557909145
474.349768145009,137.243348790332
466.366292789578,137.775580480694
458.531130436575,139.194648299133
450.809581076726,141.258824860677
443.544099790975,144.59213364683
436.294303894042,148.006553649902
429.331094975583,151.828942889813
423.068908035755,156.815499156713
416.884716991335,161.874072765931
411.269123393576,167.569889129372
407.21565246582,174.276763916015
404.454166606068,181.778304800391
402.16324622929,189.44103847444
400.33389852941,197.204724773764
398.995871173217,205.090689541772
396.959994316101,212.827021598815
394.924133300781,220.563293457031
394.74890137976,228.568114454858
394.64353942871,236.552810668945
395.132532234769,244.539693167898
395.683899214258,252.515689785359
396.298872545361,260.510343089699
392.268070220947,259.824094772338
385.953125,254.8984375
379.52545928955,250.164260864257
373.020815812953,245.496806766546
366.666264705359,240.666264705359
361.003676653737,235.003676653737
355.352296158045,229.352296158045
349.692907130229,223.692907130229
344.041015625,218.041015625
338.383572413004,212.383572413004
332.679084962233,206.761832082644
326.47719101631,201.710805054521
320.313197080045,196.624246228486
314.390756696462,191.22824499011
308.472991238348,185.859813605668
302.500358046032,180.527105398243
296.273508618585,175.522044132696
289.740018314681,170.90599120059
283.089088120497,166.460274861194
276.395402491092,162.094827711582
269.69465136528,157.718955993652
262.963794923853,153.40545610385
256.017694473266,149.419988632202
249.082700368016,145.44089365378
242.457281588111,140.954969972837
235.852206181734,136.446743901818
228.957506569102,132.426025109365
221.833138515474,128.770914542721
214.78857421875,124.9892578125
207.797587394714,121.097368240356
200.602807413,117.609420028165
193.351709563052,114.208905174396
186.084814775735,110.893492046743
178.736903896089,107.744387384038
171.353420078754,104.64386165142
163.876124592381,101.81461471063
156.393463134765,98.983337402343
148.877456834539,96.216802485287
141.36328125,93.484375
133.918007211759,90.572656758595
126.493741035461,87.574395418167
118.799188122153,85.377086877822
111.098745539784,83.240547895431
103.397097744746,81.073541410034
95.745978677878,78.714925757842
88.112697942182,76.361809140071
80.287691088393,74.672601368278
72.457721695303,73.017485886812
64.767610449343,70.814898746088
57.007953083142,68.926252300152
49.146929444745,67.407599808648
41.296038001542,65.890200622146
33.423146655783,64.515943560749
25.446325913071,63.863219290971
17.46400753851,63.336912584956
16.550406073511,67.313475209317
20.39983804553,74.322346630069
24.250203651434,81.33291796912
28.150818739086,88.318628299981
32.311804500815,95.150864180352
36.470377075951,101.97913766792
40.639081757981,108.824047824833
44.794640299223,115.64737234317
49.095459158997,122.397442403715
53.716440445277,128.914210884366
58.385212652385,135.417564963921
63.220375300967,141.794977767654
68.056964281015,148.174271853407
73.001183176413,154.440258899703
78.479367893916,160.269047439127
83.961631709709,166.102176139131
89.855634409934,171.433979263529
96.567166925668,175.793856829404
102.572641966448,181.07085999177
108.58915400505,186.357561349868
114.674091508179,191.530112147033
121.306986965274,195.9622730144
128.264981059974,199.90722766057
135.669005619361,202.775833024561
143.42129209819,204.7674172728
151.26798597598,206.342227321863
158.31035696125,204.735027054786
155.117229309082,197.677948974609
147.837068443298,194.406995666503
140.565633363977,191.093557668313
133.287138029798,187.802569517597
125.519189861401,185.888402345523
117.71095479337,184.158486510105
109.895520371748,182.451605086706
102.092041389465,180.747334716796
96.686139884829,184.537677651643
99.005617636084,191.762917583823
104.04420804876,197.936921880394
110.330056751251,202.906159086227
116.609020642365,207.86995354877
122.882894853048,212.82972439723
129.147416890852,217.782101945657
135.664138095317,222.435997152199
142.242916294517,226.978608857183
148.822668303905,231.521892972975
155.408609978094,236.069451019719
162.16183585227,240.322577015575
169.385465187072,243.786259780883
176.371177912987,247.654181653031
183.339565601348,251.60898808825
190.28505300229,255.550797800538
197.317230692401,259.3504102308
204.898472393318,261.877490797772
212.507218914985,264.336780095458
220.437997943207,265.442720424458
227.036286077499,263.568662117958
225.543748413085,256.949794128418
218.061000445738,254.446445973187
210.399288720466,252.168878259905
202.780361516814,249.730804217321
195.135813590645,247.374562434911
187.562097412109,244.814065490722
179.86049930191,242.869314857482
171.889284971237,243.056889820098
164.63123118782,245.057269381523
163.423204006195,252.313434776306
168.716856742024,257.920255756855
174.623317321777,263.331903930664
180.906055559799,268.260361754975
187.381660324096,272.959401115417
193.855617563081,277.657244944851
200.349759453974,282.31819141652
206.996282738208,286.759225948095
213.661260129573,291.212591035588
220.303068674558,295.650475300637
226.95949345573,300.098125755745
233.604511034168,304.532674022778
240.269688445568,308.976125630378
247.120553179301,313.091314119279
254.152208643913,316.884668532371
261.281438513234,320.551771125927
268.560907466843,323.832388914361
276.2973733711,325.605073766721
284.193454553395,326.893460736081
292.084933729708,326.897801272824
294.791603201389,321.028104626894
288.655866108074,316.545786710321
281.251202879531,313.542759164862
273.917776037531,310.347712674804
266.295774847433,307.948078527838
258.564319387838,305.956761753305
250.713634053573,304.329804417699
242.836634056091,303.082787620544
234.855585399627,302.555043161392
227.11067665863,303.986035430908
227.6174375,311.70303125
232.486345228314,317.93975576733
238.767361198406,322.904320027742
244.966491387452,327.933991335023
251.192341640695,332.976249898597
257.498701081777,337.880827046217
263.86244455409,342.746998471856
270.336751217126,347.435234758257
276.929957805633,351.9478100214
283.745107666015,356.134239440918
290.499789606252,360.433988638306
297.515957475811,364.187538722276
304.791864585172,367.500249011415
311.890983835667,371.181319976597
319.331618467694,374.133148496106
326.80574609375,377.00587109375
334.158820815771,380.102199087172
340.666920693625,384.705015009366
346.863948920235,389.756324363365
353.06296816723,394.809256633952
353.719,402.506133148193