448.12024391174316,262.125
438.3974544060528,263.4642692897469
429.12489406476914,267.20218685794623
419.5050407411251,269.3448215487059
409.5096491622925,269.06327179718016
399.64870047569275,267.401872346878
389.7879406666034,265.7391494990694
379.9303537335363,264.0769616621076
369.99998474121094,263.04445953369134
360.04307556152344,262.08626763916016
350.3018378019333,259.8284016315937
340.5344080924988,257.63268800830843
330.74785570800304,255.6073149740696
321.00596560645846,253.3789570585359
311.30856884765626,251.0039520263672
302.73143548928203,246.05053829960525
294.8199370884448,240.1451572296172
287.1755611811876,234.10058837282656
282.7229679231644,239.450158536911
282.18063790090383,249.35117690190674
284.4299657051563,259.03080478358265
289.8384338760376,267.3384338760376
289.7171250620503,272.86660773508436
280.19802919487654,275.6409608003795
270.2407114868164,275.8493604736328
260.638068538025,273.31609342060983
251.10281948000193,270.3291550835967
242.61842347495258,265.5953908999562
236.59504639983174,257.6590500985384
234.28314940567316,247.98822451159356
234.5402324348688,238.03057081151007
240.06109582805632,229.89752880382537
242.32761872813106,223.56930311787127
232.4820197139978,221.81301579797267
222.707409770146,220.9035239070654
213.08166038143634,223.60311619091033
206.39122227478026,229.98871421813965
201.93183020651338,238.63739231228828
201.63808326423168,248.35258200573918
193.8850108471811,242.06965703889728
187.903701108098,234.13415376842022
185.4012390975952,224.4596872329712
181.03426464843747,215.46645996093747
177.82195404815673,206.0600963745117
176.7173477318883,196.15143278062345
177.7241216315478,186.25407283329963
182.95199433678388,178.08149947905542
190.88480228371918,172.04810646261274
200.47348361365496,170.776360639289
207.3748763501644,177.61872072422506
208.142349609375,187.255138671875
207.27132152105867,197.0835898080021
200.6213737965375,203.91247811998426
206.7634710073471,207.71033946323394
216.64614315415918,208.69299246557057
226.47749308395385,207.06365207481383
234.99194744873046,202.4661718444824
242.99349657356737,196.4867429499626
248.88695972442628,188.66497353363036
251.1495256626606,178.99655230343342
248.44729232192037,169.8267922103405
239.33603314208983,165.8453028564453
233.3776878480911,158.04090253162383
236.56934533023835,163.95697764205931
245.80842147130704,167.28232815537228
255.77366945791243,167.55871652710437
265.766334151268,167.438
275.43402685153484,169.473730632022
284.49265292286873,173.61569835889338
289.5113960723877,182.0675086517334
290.99817877286114,174.15355764786898
290.17228235607035,164.18879293744638
287.86326956176754,154.57903074645995
284.4187719923556,145.21535721983014
279.8567307357788,136.34954738616943
273.6442729358673,128.5192729358673
266.5694054913074,121.44440549130738
259.89174198806285,114.24863201081753
250.01971435546875,112.68800000000002
241.47374019026756,112.77846752378345
250.45727241039276,110.79350230693817
248.99729339599605,100.92865295410157
246.33004876124858,91.35922377157212
240.74787084284424,83.32860357958079
232.43245884180067,78.04072991657257
224.23760646438598,72.48358807468414
214.57084111022948,70.10873661041259
204.63155644226072,69.14320240783691
194.6298513330985,69.30153759714774
196.8886231422424,75.63247185325623
202.48718930447103,83.87182957911492
206.70619226551054,92.92740553176404
208.68116375482083,102.7114769011736
205.8595963718891,112.07551515746117
198.591625,118.52318749999999
189.00532666170596,120.17619472610951
180.412086484313,115.41580363559723
175.91997529888152,106.61672828769684
173.8629603793323,96.87914994829893
170.67497503662108,87.43784649658204
167.55238766288758,77.93634581565857
163.06868085563184,69.04453743422032
157.5138590899706,60.86914636194706
150.9675933485031,53.43131585419178
144.64208084297178,45.69794795608521
140.9239013671875,36.42869287109375
145.60013647460937,27.912521484375
154.95245165401695,24.591389233753084
164.74409577178955,25.95715825653076
161.85646859455107,18.950644317507745
154.9424724611044,11.811739739775657
146.19326904296875,7.018529418945313
136.8263707039058,3.897906127199531
126.91491395378112,4.859672258377075
117.53571916198732,7.769208992004395
110.08560363300145,14.37201824861765
105.17066493988037,23.015327964782717
106.77554545402526,31.892118066787724
103.74351122653485,29.37113095498085
95.20722126960754,24.911833071708678
85.53515625,22.609917053222656
75.54179835319519,22.952515328407287
65.71305609130859,24.281
55.711131057620044,24.22826657450199
47.81840858459473,22.994343566894532
54.83931585204601,30.089315852046013
59.12744379043579,39.04005326652527
62.366574543952936,48.459848305344586
69.3036132042408,55.297092810511586
77.9111403284073,60.30736504173279
87.28417876803874,60.08145380055904
85.17754909145833,63.508907248616225
78.01232779026031,70.24154460906983
74.82786552608013,79.59416548359394
74.5859198589325,89.55060328221322
79.0044724611044,98.45019162344931
85.99301708984375,105.58929753875734
92.7762502194643,110.92091518533229
94.73957543945312,101.14235064697266
99.40023324656487,92.40432036042213
108.4384647655487,88.35385725975036
118.29119821166992,88.68572272491456
127.87573150968552,91.5260106189251
136.1316552734375,97.11006665039062
142.1221510602832,105.11333536441624
147.15723738372327,113.57561686635017
149.25431380081176,123.30610343837736
148.16447194826603,133.24444901013374
146.06168855285642,142.9443297805786
138.7519225692749,149.21454146575928
129.4088618159294,152.5899332925081
119.62352960968018,151.50214060974122
110.60229540228842,147.3700970107317
104.04148253679274,139.96751848196982
101.28336834716796,130.43042462158203
103.88111501216888,120.85350297260284
111.16544676971435,114.27754763031005
116.938666015625,109.11721142578125
109.20193296325206,103.08545104289055
99.6890932006836,100.36086254882812
93.98455268859863,105.94932813167571
89.38717442446948,107.76890942782163
81.47443249511718,103.22948609638215
73.1992290301323,108.66759762883186
66.66422019338609,116.00826660716533
63.90288859724999,125.59279466557504
63.31056354141236,135.50051506423952
69.56597600746154,142.3819528980255
71.43130131208896,143.48955286489425
61.973004474475985,140.73525213463606
52.219053738951686,142.14569439756872
43.01947165043652,145.78736137412488
33.47382755348087,148.7016076995581
23.539867797851564,149.38596838378905
13.646873182058334,148.13563697910308
14.854499531298876,155.5443924177587
18.95227163696289,164.67243365478512
24.785664550781252,172.63160253906247
31.99804204748198,179.52022612039
40.5460234105587,184.6214058686495
50.21632186889648,186.92822206115721
60.152119845390324,186.85353217983246
69.87856326282025,184.74542655467988
67.4330269037336,185.88291300193964
60.0100599975586,191.61244317626955
59.991839074730876,201.4862129720002
64.28452241325378,210.41802964150904
71.17138833522796,217.49555752277377
79.539150072217,222.75709166276454
89.00764794433118,225.89418077671527
98.99797802734373,225.82452783203124
108.71324168407916,223.67876391005512
117.14582666015625,219.102666015625
109.8999501953125,213.61167474365237
103.53286678981782,205.95816243171694
100.98356223392486,196.40642903900144
102.92772412109375,186.715533203125
111.81281330871582,182.4107373199463
121.67291421413421,182.5158229856491
131.15478636813162,185.49612219488623
139.18594105815887,191.4584184780121
144.6102782051414,199.72655547331274
148.50608726596832,208.85334793376921
149.21063850530982,218.7734015701562
149.10229274630547,228.76146373152733
153.3610779941082,231.75493118166924
158.30771163105965,223.1826488301158
161.5382080078125,213.7752685546875
165.79487481713295,204.77723490074277
170.33101767674088,195.91229601576924
174.8267414420843,186.98430735617876
171.86778202839196,193.5501415271312
167.4536747931242,202.50356584036348
163.19636072540285,211.55975069427492
159.35421535873414,220.76738921129703
155.20202718353272,229.8454600753784
151.00980496120454,238.91795339572428
149.29901376366615,248.72883024811745
149.08114409446716,258.70105957984924
149.30240819230676,268.6777542307973
150.40988159179688,278.5712127685547
151.953857421875,288.4232177734375
155.96503594517708,297.52175852656364
161.30823159217834,305.842492133379
165.47445678710938,314.94412422180176
171.90012059360743,322.5216180756688
178.96730379760265,328.59459951519966
188.4294082969427,325.77356688678265
197.98429448530078,323.1792493928224
207.38422203063965,319.7889769077301
216.80408798530698,316.43930237554014
226.2606137394905,313.186641022563
235.6700315475464,309.85737895965576
244.9419236909598,306.10467186942697
254.38076329231262,302.84802663326263
263.99854028224945,300.1075599193573
273.5434420686215,297.1697764582932
283.0625,294.1875
292.4797792136669,290.87028458714485
302.1217203140259,288.23871994018555
311.9655523300171,286.4240427017212
321.6611994802952,283.9648147672415
331.3853759765625,281.66741943359375
341.17665898799896,279.6646682024002
342.8390835672617,279.92651568353176
332.9576940536499,281.384578704834
323.2271805945784,283.6724475827068
313.4746125638485,285.850065946579
303.67265773331746,287.7555584188085
294.15118408203125,290.7888412475586
284.582217335701,293.7247742265463
275.09533882141113,296.87021350860596
265.82506120204926,300.5124846994877
256.07834289968014,302.7421408072114
246.56364607810974,305.77045130729675
237.0973892211914,309.0093231201172
227.62169556319714,312.2089079916477
218.10316503047943,315.26626801490784
208.6831111367792,318.63609603606164
199.11890411376953,321.5057373046875
190.11939725279808,325.06530137360096
181.03253602981567,329.2508556842804
171.262451171875,330.875
161.33375270664692,331.91969498991966
151.36144375801086,332.45628106594086
141.4273202419281,331.4238725453615
131.67017555236816,329.38421058654785
123.40574117004871,323.81477493047714
117.41643142700195,315.92643642425537
116.99691374599934,306.2127416282892
121.3534984588623,297.3252658843994
130.05307006835938,292.6697368621826
136.26006816327572,289.11831817030907
127.22529602050781,284.90843200683594
117.68008914776146,282.09579654969275
107.72058652341366,281.375
97.81613805890083,282.3481946885586
88.81285285949707,286.52405071258545
82.47810107469559,294.0437978506088
79.43671762943268,303.2816678285599
84.26869554817677,311.9675701856613
82.48847389221191,310.22832775115967
74.6212158203125,304.45196533203125
65.50429747998714,300.8350933045149
55.875,298.4375
46.20581017434597,296.00439444184303
37.16369342803955,291.8645067214966
28.2017922103405,287.5532806664705
29.41620635986328,292.15450286865234
33.618493020534515,301.0303069502115
35.139070838689804,310.90098252892494
37.4475793838501,320.5927381515503
38.95481339097023,330.4505159109831
42.3268985748291,339.8342742919922
47.71917724609375,348.20953369140625
54.986294746398926,354.7421684265137
64.11712789535522,358.72044222056866
73.74157059192657,361.4603317975998
83.62483513355255,360.87504121661186
80.44380767387338,360.52261602389626
71.64544723927975,364.92154817283154
69.93974976241589,374.5332530885935
70.06048488616943,384.49193954467773
74.20089054107666,393.41583728790283
82.28051939606667,398.7424751520157
91.60925579071045,402.11740370094776
101.3336181640625,404.1920166015625
111.32898111641407,403.80424627661705
121.13674259185791,402.03736686706543
117.89185333251953,395.5323028564453
110.89381961524487,388.48100969195366
108.16455078125,378.93212890625
112.0334999859333,370.05131819844246
120.78828525543213,365.41109704971313
130.55021953582764,363.41052627563477
140.454887509346,361.99430868029594
150.43839729577303,361.6311602704227
160.40409469604492,360.7850532531738
170.31457230076194,359.63178760558367
180.22418785095215,358.5
190.2342987060547,358.63085746765137
200.209274366498,359.0394041314721
207.11243844032288,364.1048848628998
205.23033747076988,373.78932505846024
200.3384300917387,382.47669556736946
195.83554220199585,391.35689002275467
188.53386211395264,398.1062307357788
179.66256093978882,402.56065225601196
169.73001861572266,402.2916946411133
162.46747887134552,396.4462925195694
157.3119764328003,387.93871307373047
155.75820922851562,378.16851806640625
153.3383903275244,386.5425018866081
149.92965984344482,395.6845445632934
149.2105617839843,405.53982329927385
150.21953405370004,415.4854071007576
154.416015625,424.2861328125
160.38525453209877,432.13097105920315
168.97503060102463,436.75983126461506
178.80699133872986,438.25
188.54283472895622,436.93834379315376
193.7301971912384,430.7141374349594
196.48536376953126,423.8697875976562
195.39800000000002,433.76635235586764
196.57215884971617,443.660694190979
200.46865311798453,452.79544507339597
205.69917689418793,461.3155127124786
213.73919124853612,467.1158652787209
222.36161357879638,472.10643870544436
231.49157373046873,476.0293486328125
240.27851046180726,479.2158160877228
237.84983589172361,469.52309123992916
238.07840447998043,459.55210772705084
239.29720438289644,449.6612533521652
239.48399999999998,439.67329053998
237.47944969260692,429.96337704907353
233.86300378417968,420.75524719238274
231.9445901515484,417.584051156044
239.94390571248533,423.5481666603088
249.36628906250002,426.61820312500004
253.6404443754349,433.20710869007746
253.9814010696411,443.20464209747314
253.9030021140352,453.20729388156906
253.80041092941246,463.2099343822847
253.6979722584365,473.1977048024419
253.5953705453867,483.2013718247981
252.79912114143372,492.6106650829315
243.30914497375488,495.5370515823364
233.43620642852784,495.76289349365237
224.0913361054808,492.3804401351213
214.3962939453125,489.924619140625
204.53078723549842,488.74974857318404
194.61242743825912,489.2055035613775
190.87311859130858,489.2175028686523
197.3212799385339,482.09382618269325
197.42403575269879,472.3885164889098
194.67642574310304,462.80418428802494
188.83120731639863,454.71992978668214
180.92988456474245,448.6774664007127
171.4629381095171,445.81989332783223
170.59532950036225,453.348459429428
169.14058676338195,463.22761252844333
165.13132817173005,472.3134298143387
157.80088353443148,479.01101236057286
148.74849606254696,483.0682154917568
138.844623046875,484.38806866455076
130.02744433927535,480.9109975759983
124.62210078561306,472.5589985129833
121.52011929321289,463.2653279647827
120.2161875,453.35716796875
122.06570425927639,443.57060261666777
123.80355859375,433.77894921875
127.86315187835693,424.68063869476316
132.7134403141737,415.9358297845125
139.28287322986125,408.4679242144823
146.53336572265624,401.57373193359376
154.02857175445556,394.96397705078124
162.2604115304947,389.28966827392577
170.6211494026184,383.81015288829803
179.11522808856705,378.5334750409648
187.61175400950015,373.2813450703918
196.30237451171877,368.4063295898437
205.08687500000002,363.89937499999996
200.9045546861887,358.7907677531242
190.9380209413767,358.4157056033611
180.9500514383316,358.6960988044739
171.03769375024734,359.92561476677656
161.07673681640625,360.8514365234375
151.0888485571146,361.39479596138
142.60045446777343,364.86639404296875
134.3982695596814,370.58313111524285
126.28659235155583,376.426769363299
118.43926717090606,382.60949113941194
110.82911111986638,389.10799576342106
103.54735083007813,395.9394691467285
97.69492476511002,403.96582898688314
91.36712763035297,411.68076063609124
86.06741701507568,420.11014370822903
82.31359356934577,429.3726273437552
79.5014938158393,438.96536984093484
77.89233428998293,448.82021235227586
76.81020069885254,458.75354079055785
76.313,468.73200054737924
76.35392648969032,478.7378371734098
76.40832360839845,488.7310043945312
76.46843786409497,498.7432255347967
76.97135251235962,508.7124081745148
78.16636176586151,518.6443985452652
79.75839976394177,528.5169736300707
80.88859266662597,538.4437950134278
82.13937886881827,548.3682408680916
82.8731181640625,558.3481063842773
83.90613786244393,568.2777466859817
84.50859866714478,578.2631256370544
83.59168229675294,588.1781875610352
82.38573837566376,598.1116012725829
80.66114559173585,607.9416319732666
77.75269466912748,617.5037646683454
73.27254688739777,626.322727560997
66.07329815673828,632.878378540039
56.69569517993927,636.1240554218292
46.82991357421875,635.5427871704102
39.88855533599853,628.6793449935911
36.942346190452575,625.2548094358444
32.56265426850319,634.250247024849
29.13828198029101,643.4819582033903
29.137074661254882,653.3984937791823
32.08179296875,662.91771484375
39.005207828804856,670.0961622019709
47.38706147670746,674.8417413597108
57.02904960750043,677.4682966391146
66.86929641342164,678.8194222831726
76.76879752111434,677.7176966518164
83.29350469970703,670.7928307495117
84.05105682659148,671.7453889846802
78.47101791203022,680.0027391197682
74.98769356536866,689.1385333709716
74.24880585479737,699.0652638854981
77.33325467681885,708.4174152975083
81.55670947265625,717.4734379882813
86.08885860443115,726.3337172088623
90.65284349906445,735.2026657269
92.31209620213508,744.2161291571856
100.3857829208374,738.503004330635
108.04434361207487,732.1015255632401
115.40710969293117,725.3821843385697
120.85701439952851,717.0204582204819
127.29365766048431,709.5204436302186
131.64054759791495,700.5355543632061
134.5053881225586,690.9804210662842
136.142533203125,681.1509814453126
134.6571667790413,671.3852752809524
130.9992487657368,662.10608450374
134.08681875419617,669.0741012277604
139.70055810546876,676.9181323242188
149.25299853515625,679.219
158.7991188583374,677.228789466858
166.17497503662108,670.9514813232422
164.24250093746184,661.5904366140365
160.9076132891867,652.1888717360404
158.73224572658538,642.4545167684555
151.82894921875,636.04317578125
144.35032904207705,629.4200292696953
137.93671520102023,621.9285195857286
131.78685363805295,614.143773701787
127.41329902458192,605.255677852273
123.8192303237915,595.9355308532715
121.40293347035349,586.2307272361666
120.02706350708007,576.34901222229
117.64106907272338,566.6436757640838
115.73286090070009,556.830215778336
114.182337890625,546.9619849853516
114.54208197021482,544.8648623046874
122.01258408464491,550.5636619340032
129.22998126238585,557.3771382634641
136.20738996887206,564.5142242965699
141.99064761969447,572.6505901017338
145.22190950512885,582.0377228081227
149.0235670208931,591.2730529820919
152.00492740049958,600.7995301359445
154.283072394371,610.5323356571198
156.2608774693627,620.33215403115
157.76415840159356,630.1804254060984
158.0675776383411,640.143426242983
160.49191443042457,649.8415123131126
163.3992593756616,659.4083803854883
167.86096494579314,668.32211113739
173.9731275024414,676.211604363203
181.18495484003424,683.102876990676
189.76930986845494,688.1377882077693
196.93652150058745,694.55037920475
193.86345000791547,687.4913037053345
191.255765625,678.093611328125
192.02636235952377,668.166840243578
197.06166837060454,659.9731237459928
203.21226780685782,652.1572095348091
209.81100396728516,644.6468837890625
212.3706851902008,635.3318533840179
211.54953222618997,625.3779120998979
212.74371371239425,630.4100341549665
215.50573004689068,639.8952167448178
221.75040006637573,647.5033361845017
229.2886862142384,653.958575315997
238.0116207972169,658.823463998735
246.64853858947754,663.8431816101074
255.30342119932175,668.8383852541447
261.1288269162178,676.6568088792264
266.67701146379113,682.7426977902651
273.9868619143963,676.2894142568111
276.16010308265686,667.9332165718079
275.1171875,677.84375
277.4802711009979,687.4268260896206
285.2180709838867,693.235631942749
294.6310062408447,696.5378246307373
302.3715672441758,702.2586354706436
309.1522046625614,709.5908290147781
315.10289791226387,716.6952359974384
312.0492646060884,725.836554735899
305.3610840551555,733.2646483629942
297.3125,738.90625
287.407348588109,740.2688555084169
277.55943512916565,739.0351305007935
268.47656297683716,735.6030277907848
261.73765498399734,728.276896417141
264.8139302432537,730.6405992507935
271.15486700087786,737.8491143025458
273.2386427027583,747.5589958882481
272.45642895416916,757.5110354527235
270.20916873538494,767.2535022225379
268.6693676115423,777.1316354184002
269.4397437095642,786.9362707469464
272.5829635230303,796.4195078470856
272.88387713445724,800.1010525566935
262.9775477981567,799.919432727471
253.05967559814454,800.0272156238557
243.6911809387207,796.6232603607177
235.71168514764307,790.9074650913477
228.43669376945496,784.2501348438262
222.7181074125171,776.0826467983425
218.52949502848088,767.1373299839497
215.1328265552521,757.7564889547825
213.89859083847702,747.8446832788586
214.32853202986718,737.8598010059595
218.0109293823242,728.7177551269531
214.33176945893467,737.7881868412196
208.11608276367187,744.4000910644531
198.15298758769035,744.0770898060798
188.7835105638504,741.0739211406708
181.63153556632994,734.1668190392256
175.790683488369,726.1691731097699
172.30403995513916,716.8314526748658
170.83169874572752,706.9556768951416
171.6421748046875,696.9870393066406
173.8154391952902,692.1820769423991
179.76685345458984,700.1451587677002
188.3752899979353,705.0864810971021
197.96535167717934,707.1833242833615
207.89280098724365,706.3241597595215
217.2818841342926,703.0141021308899
225.17282019393144,696.9139688342809
232.00347892712057,689.6209732619077
236.14708694553377,680.8567612819671
237.93508363342283,671.0540942611694
240.01577436769009,662.2743570342063
249.2236845381707,666.0839196648449
257.1106853672266,672.1385531061887
262.66648998653704,680.2283906529601
268.8130270547867,683.2901633892059
274.1395477294922,674.8994434204102
275.85010369586945,665.6966413202287
273.63245653057095,655.9501572113038
268.37563378433885,647.7125044701099
266.49173425388335,637.8919759379626
263.27454510498046,628.4566185302734
261.25708615207674,618.6948543462753
259.5705411367416,608.9310237960815
257.74213790130614,599.2585177068711
253.6367152814865,596.2272361955643
245.222886996001,601.2467168264092
238.68277806377412,600.8599120769501
247.71255802345274,605.148765452385
256.77692822265624,609.235748413086
260.156,602.3225588378906
258.15739647138116,592.5538393704891
256.94585649868844,582.6545490673334
256.36799572956556,572.6816053571702
255.408877345562,562.7257050904036
255.24162258541583,552.7592724083662
252.14785607910156,543.6640695190429
244.13443645858763,537.7545849140882
239.77581113733353,542.1316074483394
239.22247400283814,551.9572212696075
234.5421197116375,560.6782286763191
228.00968170166016,568.2399597167969
219.5735300630331,573.5946687106043
210.10966205596924,576.5835506916046
200.2794791883789,575.255747130409
190.6728515625,572.5010937500001
181.98271879601478,567.5706515158414
173.37146416026354,562.4986220898777
165.71110533350705,556.178715024382
159.2457473602295,548.6936247711182
155.3970741033554,539.4755248651504
159.30321547114846,530.9854415949583
169.27015026450158,531.1723752197028
177.51356417523326,535.972358214736
182.98956818482839,543.8610653784741
184.83769073450566,553.6267748004198
184.78221057128906,563.6104788818359
181.94739781951904,573.1104674224854
189.88972746717928,574.2570415796042
198.891794163242,569.9212969077826
206.34973707199097,563.3988071260452
211.03944744873044,554.7778535156249
212.18461637566983,544.9428013689369
207.8508121995926,536.8880861577987
212.82060508430004,535.9257714093924
222.63118316107986,535.0413339013755
231.49213670814038,530.5701898368598
240.012483823061,525.4135026663541
246.53926373720168,517.9874003915786
253.59149966287612,510.9090837266445
254.86621142676216,517.5983157516038
254.93182734802713,527.604217413594
254.9973565092087,537.5968888587952
255.46954310086585,547.5920947748309
255.9582010913291,557.5746794371516
256.44717112602666,567.5636387174018
257.1915988922119,577.5351333618164
258.3507959842682,587.4711084365845
259.06817485019565,597.4349584244192
259.72138151183026,607.4196888236911
260.7538362457417,617.3297211029567
263.41171485884115,626.9820171189494
265.93687859363854,636.6536608068272
268.32927150279284,646.3554114736617
271.1832253411412,655.9365422166884
275.80189529433846,664.7921122312546
280.63024839758873,673.5378084182739
285.69637989997864,682.1471271514893
292.05362010002136,689.8528728485107
298.75265288352966,697.2877833843231
305.5764886177685,704.5764886177685
312.65436994247136,711.6543699424715
319.72121942432034,718.7212194243205
327.3669231406953,725.1640292475889
335.2953508949578,731.2123446570635
344.1034966706224,735.9689336394816
352.610211465314,741.1548472458422
360.4143944155853,747.3984611704014
368.9976305216551,752.4838893754483
377.827993363142,757.1540749447495
386.7297586421482,761.7396979405212
395.6551580429077,766.2382392883301
405.0430649369955,769.6520236134529
414.07761130695536,773.9449716841336
423.1784177826644,778.0600018128008
432.55231211650374,781.5520531549304
441.52857152888737,785.850270995304
450.1856915598959,789.8327902810573
459.4102317479791,785.9412177921199
468.6163893723071,782.0574003866799
477.8289839499531,778.1708674127744
487.04002084986325,774.2849915790297
496.22957107474025,770.3330664495467
505.39797703278066,766.3142353169919
514.5507308492661,762.3022650623323
523.3832681226914,757.6211159270141
532.1458294269147,752.8194066256327
540.878410439372,747.9548560341746
549.0943454961683,742.2585839405965
557.3196872485727,736.5557899968196
565.5276512073278,730.8548355489969
573.5453940064169,724.8754673873943
581.563023972389,718.8961833730091
589.353726774926,712.6278720820776
596.9739786813874,706.1428514228035
603.6577082617283,698.8255320244264
609.4860347254277,690.6902810923141
615.3097510343492,682.5614650718675
620.2231938900502,673.877902573541
624.8627738846541,665.0205225838423
629.1210858566761,655.9832188906968
632.7915002797804,646.6845909912042
636.4657367878668,637.3762802216182
639.0334547549952,627.7566962794475
641.0708952125062,617.9511559114601
643.0732497151942,608.1609437456428
644.5047364946588,598.2713102384279
645.9381344812643,588.3684728801884
646.5899542766548,578.4119927661027
646.4336639507003,568.42953311464
646.3279356783942,558.4210150256873
646.3137789716849,548.4163896201622
646.2996229419707,538.4122426510912
646.2854882671938,528.4231873379197
646.2713402409513,518.4246964679115
646.2571768100585,508.4153190435393
646.2430225497346,498.4124225126107
646.2288924958606,488.426632817911
646.2147470017088,478.4299313908368
646.2005823315866,468.4196781960063
646.1864264708618,458.41565065262137
646.1722915028396,448.42638810134457
646.158134434022,438.42150679188074
646.1439707006637,428.4119156134956
646.1298341940992,418.42156576557534
646.115678606764,408.4177314282324
646.1015220916069,398.41324139372125
646.0873830308592,388.42108649005473
646.0732327656034,378.4210132965361
646.0590781630178,368.4178748873645
646.044931491565,358.4203414547792
646.030768122439,348.4110076814878
646.0166274527588,338.41771573602387
646.0024889429808,328.4259502056837
637.7587796504391,326.6248812911277
627.7477589591601,326.5737175983582
617.7579500228122,326.5226623132872
607.75364730295,326.47153295430206
597.7451885231849,326.4203823547883
587.7569143966056,326.3693349137261
577.7511091342326,326.3181978756416
567.748466954574,326.26707700324056
557.7503317136841,326.2159791646177
547.7552799434867,326.1648970848023
537.7549910232511,326.113788239291
527.7577306881444,326.06269487208147
517.7613517941819,326.0116060096857
507.7553223259973,325.9604678257443
497.7573828097101,325.9093709874184
487.7464782923627,325.8582078883833
477.75073298850043,325.80712226409986
467.760989880087,325.75606731545815
457.74823604506594,325.704894765047
447.7539787758507,325.65381674571705
437.7478248744976,325.6026779258304
427.7531830578528,325.55159794117975
417.7583299366361,325.50051687660704
407.75306561781144,325.4493826031426
397.7469243021791,325.39824384757827
387.75177512092523,325.3471612699206
377.7487937401811,325.29603866395206
367.7582272762212,325.24497950735673
357.756989110109,325.1938658104995
347.7486204723423,325.1427156716777
337.7484240719082,325.09160729901083
327.7573642524097,325.0405456210052
317.7587416410528,324.98944529156006
307.7492470433547,324.9382893982534
297.75972535253476,324.8872355812187
287.7576941142845,324.83611783117846
277.7577871760188,324.7850109378765
267.75723547157907,324.7339007493443
257.7599924798908,324.68280747077245
254.52849703189963,331.5780493004811
254.28212370705606,341.56200056838986
252.1132284593284,351.3244698004723
244.7491039428562,357.243546695143
241.40433580744266,366.42627174091336
240.38555883038043,376.38022657465933
242.96201171875,385.57411328125
249.16189613509175,393.3657084221095
253.10937890943885,402.01913922595986
252.94173279643059,412.0084076797962
253.51758425545694,421.9828848285675
253.79501728124032,417.36271067998183
253.9702798257624,407.3627456772216
254.14570952174066,397.3532435042858
254.320871796757,387.3589995844364
254.1341566068025,377.368647358159
253.92035930710844,367.37101729129625
253.70650766218895,357.37084592264563
253.49257273377478,347.3667800353468
253.27903454211858,337.38126642792156
253.06519572571477,327.3816949487664
259.9264924926757,323.6040969848633
269.7297840913832,321.8572705537081
279.32996572673323,319.03867069828516
288.8424794472009,315.98736514250936
298.5083071337622,313.48771882745626
308.3006018447876,311.4491270141602
318.01971019399355,309.1244276551455
327.81341841220853,307.12121468353274
337.6120966459662,305.14440873488786
347.532744795084,303.9492370316684
357.46131341552734,302.7864912109375
367.3504316646159,301.2689242767096
377.3024029541016,300.3358686523438
387.13201504516604,298.42790815830233
396.92741309571267,296.4809351295233
406.59334987345335,293.9909451553673
416.1538063840867,291.0883007210493
425.95795517730716,289.0769418878555
435.4996981875897,286.41081876911227
445.43097390177843,286.6507263276726
451.8641187530868,281.2138701317366
452.33299999999997,271.22658768794497
454.60815385174755,261.125
464.24846156311037,262.8983106613159
473.53261090253295,266.56969417303054
483.22154444327396,268.3136513057742
493.19301521301264,267.88206800842283
503.06087419094285,266.21814809766363
512.9090507876873,264.5575470330715
522.7707174856961,262.89467126551267
532.7374986362457,261.9509015512466
542.6656008911133,260.8525006866455
552.3973114442825,258.5840211880207
562.1627407175303,256.40926054120064
571.9465146017075,254.3850314617157
581.6958584737545,252.12842234424897
591.3075744189024,249.51806008443236
599.6601446532459,244.24800934828818
607.7775556482077,238.6202556978464
615.0786176360846,232.1845523034334
619.0440465703458,239.53872476527096
619.3110627905131,249.45507127308844
616.823706877947,259.0732902710438
610.9980690654963,267.12193093450367
612.9419655978847,272.26074557161144
622.5387118812353,274.72368236157297
632.4738568458408,274.70526151278614
642.0288981275708,271.915150212124
651.5873496661709,269.04255359416453
659.815046916604,263.84449515390395
665.4271235055925,255.62902706527709
667.4309629519731,245.89130570009348
666.6310892142058,236.03374712216853
660.6457678140551,228.2887220353931
660.3738181781769,222.37839478302
670.2260046042203,220.60020454871653
679.9740675498899,220.20122083090246
689.5912268052045,222.89840396644175
695.908472645998,229.86260768771172
699.9000247068406,238.7265169620514
700.8607007217407,246.6818694000244
708.4188562686444,240.20987287163734
713.9934448251669,232.06271330476739
716.6019774180651,222.41104516386986
721.0745529937744,213.4717899017334
723.9818151779176,203.97971307373047
724.9297743394972,194.04231318056583
723.7005609807968,184.16636473083494
717.8223967663646,176.37983217835426
709.7559945684671,170.5208432291746
700.1283058834076,170.06877831268312
693.6102470111848,177.53920720005036
693.4499693158268,187.35943686860801
694.708858329773,197.12801532745362
702.0169544378518,203.35517819869517
693.7756133270262,206.9542633895874
683.8591637368947,207.63432440720499
674.0781117193103,205.74433351579307
665.7878959960938,200.76167333984375
657.772495467186,194.77991274642943
652.3092487044335,186.64867346036434
650.3901616287231,176.88306045532227
654.124920578003,168.28273963928223
663.0974711961746,164.10575345802306
668.7081939764023,156.0425843362808
664.1212912213803,163.51479644823073
654.7150505985767,166.40157954069971
644.7384002990723,166.5033200149536
634.7563179321289,166.57594708251955
625.2487622995377,169.04427295076846
616.2774298858643,173.26383446502686
611.7222104263305,181.89912185668945
610.6904312235117,172.05677262592314
611.5706825208664,162.10254854011535
614.1379018554687,152.53413061523437
617.6673257499635,143.21318492747844
622.4115511250943,134.46254933066666
628.7517331085205,126.7432668914795
635.8327624902726,119.66223750972748
642.8054422742127,113.06299256742
652.7014247857779,111.68799999999999
659.0535196316242,111.91506004604697
651.3866092962027,108.71150689470768
652.739138431549,98.81623886871338
655.7466878480911,89.3479654197693
661.7011082544625,81.61805006760359
669.9403622528912,76.23757796633245
678.4212805848717,71.12473279254138
688.1543740778864,68.95531636874378
698.0955964144767,68.12820206645131
708.0996665925533,68.33768536956609
703.9648063964844,75.42466735839844
698.6012866822034,83.83659501460194
694.6484381481409,92.99905421733857
692.9124716854096,102.81958527183532
696.288442855835,112.02947453308106
704.0937869682313,117.8073478755951
713.6519781122207,118.8015356092453
721.9410831428767,113.57474051761628
725.7992099294662,104.52569077587128
728.0008295447826,94.80619685411453
731.3095973761828,85.40144552744925
734.4658767127991,75.93171231079101
738.9428776272536,67.0140856603384
744.6747263183595,58.92584228515625
751.3399137330056,51.558896261930464
757.4939736251831,43.717732734680176
760.3946293725968,34.390202927589414
755.08644921875,26.334378906250002
745.583299560547,23.354814392089843
735.8171564913988,25.253752192616464
740.4094398803711,17.062520164489747
747.5975065841675,10.188200561523436
756.465393555522,5.634571120709181
765.8958671875,2.83891015625
775.8020941730439,3.96406077298522
784.8951312377453,7.516092810511589
792.2530168133974,14.214593453884127
796.7287768930197,23.082410890221595
793.8923059101106,31.460750570297243
798.5350831428766,27.499480170488358
807.4556874771417,23.53530438788235
817.1862117004395,21.581480117797852
827.1714106750488,22.024226089477537
837.0057905502321,23.281
846.9909792635292,23.066094307705757
853.0360593291224,22.7800777913332
846.0074428558348,29.88231481933594
842.191364723146,39.094223468989135
838.6926855663061,48.40619032593072
831.4329101466238,54.954988154545426
822.7264248957188,59.80894848755001
813.342725441575,58.62182484614849
817.4209988578558,63.01204970228672
824.167233581543,70.18701196289064
826.8638431978227,79.68777132892609
826.6442353515625,89.59058557128907
821.8775512560607,98.27016527104378
814.7071680567265,105.19490625739098
808.7031015624999,108.83583984375
806.5948656463622,99.0823350982666
801.3151301927567,90.8230504322052
792.0871965312958,87.16910927772523
782.276453125,87.98889453125
772.82484375,91.0895
764.7860119009017,96.96097222518921
758.8060602961183,104.96731001223624
754.1034819203614,113.62640411496162
752.480243019104,123.40827698516846
753.5535834960938,133.3445908203125
756.0201700983048,142.93441267585754
763.8509829177857,148.7166176300049
773.2918940734862,151.7755831375122
783.0470647308679,150.15264428575335
791.9012382869721,145.69053007030487
798.0266797294616,137.96550331687928
800.2891097140313,128.35438046741487
797.3668630371094,118.80110369873049
789.4467690401077,112.80337062740325
785.2485611267091,107.17144855499268
793.3620366210937,101.53124804687499
803.0360946502686,99.25840175628662
807.9510437461138,106.01149135649204
812.9678531896473,105.93814037674666
821.1527048953772,102.66930542099475
829.2714775390625,108.36643804931641
835.3527913307994,116.04908603669703
837.919185129404,125.68637112355233
838.1543531460762,135.6087933707237
831.0319095306396,141.84643025207518
831.2243827619553,142.0867686508894
840.7560901266486,139.6798466976732
850.457928905487,141.49498222637177
859.6330952647329,145.1900429226309
869.2302933505774,147.92104851090906
879.1766846618651,148.36277212524413
889.0634661865234,146.91765771484376
886.3195060392618,155.5488893072605
882.1655133819579,164.6384766025543
876.0783922344447,172.44287146258355
868.6993087627889,179.1410518746376
860.0337100677491,184.02663713836668
850.2919159340858,186.01739070153235
840.3728522157669,185.7350326910019
830.7197314453125,183.34479345703124
835.1868802556991,185.3728404893875
841.7918931167126,191.70552716886993
841.3750678710937,201.5608162231445
836.8230203872919,210.3946853531599
829.625852845192,217.22895152282715
821.0665123748779,222.18394819545745
811.519162109375,224.98400000000004
801.5310186157226,224.74837774658204
791.8262648133189,222.48054111531377
784.683053894043,217.0054855957031
792.2966513671875,211.65058929443362
798.6747912826538,204.02609465026853
800.700066130519,194.30393946361545
797.875279006958,184.97730470275877
788.7484140624999,181.08925390625
778.8648786147833,181.79972396194933
769.6130574018657,185.21449037204684
761.6428328704834,191.20876000213622
756.5018311414718,199.70516545581816
753.0438241577149,208.951180847168
752.4946628545821,218.87758028431236
752.301337941438,228.8433102928102
747.4256495189667,230.01969075202942
742.8647261810303,221.17563390731812
739.6133300018311,211.77142143249512
735.459272737503,202.72540912032127
730.8118337345123,193.90498232841492
726.2646962356567,185.01527643203735
730.2171512265969,193.54857973153702
734.6555557367951,202.50109825856984
738.9635,211.5315
742.5962045021058,220.80624738657477
746.9138265517951,229.82269801437855
750.9481930983068,238.95130354201794
752.4110430426709,248.8395308596082
752.4250537109375,258.8011474609375
752.3543613803387,268.78084141016006
750.9314621043205,278.6393952667713
749.3585349273683,288.4575638771057
745.1567584228516,297.4960479736328
739.8450638008118,305.85142293572426
735.3539716851712,314.69638937711716
729.1261760544777,322.45458048582077
721.5649064377695,327.45573273673654
712.1226292800903,324.520715713501
702.6243947659433,321.7348855789751
693.1762133789063,318.4747314453125
683.7845499765874,315.07641573250294
674.3169022676349,311.8353692423552
664.910907099843,308.4507897347212
655.6555111639947,304.6688244305551
646.1704072345793,301.5447101611644
636.5572330904007,298.8034951686859
626.9953051757814,295.9132080078125
617.5320043532457,292.7615248851944
608.0735819292069,289.55816626548767
598.3999074668437,287.0295061841607
588.5827193175256,285.1733793374151
578.8954154205321,282.69593334198
569.1497870747745,280.43495437316597
559.3412464362383,278.625
559.8856527906656,279.00656904280186
569.7438409429789,280.6294545531273
579.4662673928589,282.94438773952425
589.2301871244609,285.0347127020359
599.0084904049337,287.0956700015813
608.533996681571,290.11565807275474
618.086675253585,293.06314832158387
627.5266794812679,296.3341108709574
636.8776347440481,299.78315868601203
646.6235018920898,301.9739646911621
656.1246942234039,305.12656474113464
665.5804001212865,308.3664987422526
675.0543872070314,311.5499267578125
684.5725790214539,314.61911964416504
693.9816421276238,318.0079573674593
703.3105031204224,321.2675323486328
712.4964832019806,324.5632416009903
721.6439612087607,328.5352972485125
731.4575526089222,330.03345589898527
741.380826298967,330.9730890877545
751.3678408515455,331.488907083869
761.2691905152798,330.22202677838504
770.9338561248779,327.8632526397705
779.0384308797121,322.09810358285904
784.587839717865,313.8696907758713
784.417043800354,304.12366008758545
779.378362531662,295.6461007595062
770.4827715110779,291.4664571583271
766.3033639144898,287.5327396392822
775.4424280178548,283.5591906607151
785.0323844355344,280.9458491951227
795.0036694564672,280.375
804.8694483888149,281.6616024672985
813.682841847539,286.19434882700443
819.7772843790054,293.9597125053406
821.7749826711416,303.3181209117174
816.7113085937499,311.87109375
819.8031662654877,308.370120882988
827.9112475764751,302.82983119785786
837.2144394618274,299.72168523073196
846.7738999080659,297.0021961927414
856.492914686799,294.7455004751682
865.4425227445363,290.3705454468727
874.1858844411373,285.74295531213284
871.4495832872392,291.9690500497818
867.8890265998244,301.1269906517118
866.286101321578,310.991406545043
863.8206578445436,320.64802646636963
862.4827393245697,330.533438205719
858.7698928368092,339.80019783973694
853.3026597303152,348.1225193589926
845.6584826660156,354.2870788574219
836.4294596862793,358.02233946323395
826.7684375000001,360.5390625
816.9212971878052,359.6065742969513
822.1842157699913,360.0018402840942
830.7542697143555,364.69297790527344
831.7649847910553,374.6348022837192
831.2885476303101,384.57580947875977
826.6944016617537,393.24790920317173
818.2571917724609,397.99713134765625
808.9311392259598,401.3704361189157
799.1814823400974,403.1439774930477
789.190700660348,402.76563861966133
779.4087511700391,400.74695977568626
784.5693098407984,393.81130585074425
791.132351989746,386.45204162597656
793.4144222837687,376.82440166175365
788.8003317070007,368.29200887680054
779.7893725585936,364.0345764160156
769.9681273651122,362.22830390930176
760.0613227289915,360.9636478535831
750.0790001106262,360.5209000110626
740.1105931437387,359.72003489080817
730.2097734076716,358.44396115560085
720.2907384847105,357.5
710.2868479442595,357.6583288013935
700.2959292930364,358.101337261498
694.603193486929,364.22059068083763
696.8817835104466,373.7735670208931
701.7032493249327,382.4976036287844
706.5216227126122,391.18620055168867
713.9793581914902,397.7704201936722
723.045241470337,401.78464698791504
732.9640761566161,401.09626960754395
739.5566836547853,394.4203414916992
744.8714638900757,385.978533744812
746.09944521904,376.9130333662033
748.5516253401339,386.61029111780226
751.899682159424,395.77775955200195
752.2985768773407,405.63259935192764
751.2887088012696,415.5870132446289
746.7303518605233,424.28076109290123
740.5044071924686,431.96090091764927
731.5920255732536,436.09827749431133
721.7126513671875,437.25
712.0716162872314,435.469087600708
707.8346279513836,428.6115097850561
705.3633902785182,423.9478294954449
706.221,433.8780665740967
704.7749293125868,443.7266186208725
700.6162658307254,452.7652497521341
695.2095543889999,461.14505905067915
686.8739658789784,466.58335544151066
678.2635,471.5681875
669.0816702235937,475.4073553597927
661.6672899341584,477.15961437034605
663.9488384552003,467.43837190246586
663.5012169579268,457.4647502783537
662.2429724550248,447.55810265254974
662.135,437.5599182422161
664.4737876415252,427.9030788593291
668.3581239624024,418.8304616241455
668.8222920981906,417.2949451675862
660.7268117365836,423.10502641677857
651.175041946411,425.81071807861326
647.9413577644825,433.31025964581966
647.6257881465182,443.31434428552166
647.7283385518432,453.313008804711
647.8309580434625,463.3184092376032
647.9334630006971,473.31264256796567
648.0360293989116,483.3128663938842
649.915771330595,491.7835428416729
659.3713475328684,494.7460142834186
669.2770001052618,494.569986041069
678.6052555904388,491.1318694992065
688.2765808105469,488.58976806640624
698.1858737640381,487.6330136642456
708.0714363708496,488.51157425689695
709.8396829561144,487.6013236017078
703.9738758922368,480.03095747581125
704.4461108903457,470.3087144722193
707.5105,460.8595
713.5928612092733,452.9578479948044
721.6466727162599,447.1180469081402
731.2200718656778,444.51631504476074
731.15393964386,453.44621392059327
732.8420983746053,463.26425068961083
737.1797622070312,472.19793115234376
744.7502930297853,478.6268080596924
753.9589641759395,482.24931564605237
763.8724454636574,483.3689767162948
772.3117615858913,479.06500566276907
777.5475657739638,470.592280790329
780.1978278827667,461.1654974671602
781.2784310302734,451.265766418457
779.4932506919653,441.4707055281848
777.45741796875,431.72812890625
773.2621437988281,422.6739496459961
768.281164161086,414.02393627965455
761.5021372070312,406.72343798828126
754.2881381835938,399.80570458984374
746.6859848632812,393.33984375
738.4526889648439,387.66453125
730.071894897461,382.2136246643066
721.5415424962789,376.98955078846217
713.1254336339235,371.6363035085201
704.3343102238327,366.90919692830744
695.9930722656251,361.936498046875
701.7776504758597,357.4985234844684
711.77138353543,357.42662869891524
721.7578308267389,357.83103830646724
731.6794174261094,359.04524168968203
741.6359833431244,359.9438690843582
751.6289299623761,360.47921076723935
759.9212240943908,364.49850226688386
768.1316810691952,370.21689006276426
776.2113125547171,376.09476704360543
784.0383058822603,382.31108134908976
791.5981456574201,388.8498527556658
798.8671767029763,395.706045486629
804.5921058877707,403.8494437460899
810.9241276303529,411.56923936390876
816.0252092847825,420.1120550068617
819.6565254684464,429.42270790180936
822.3772680520416,439.0326762919873
823.8436977795362,448.9215895805359
824.9065051326752,458.8591714863777
825.307,468.85441721129416
825.2600913132709,478.8413917153254
825.2049868848325,488.8451630964279
825.144943485409,498.8455828982592
824.5384204039574,508.81441780972483
823.3094936674834,518.7322636016609
821.7371140159368,528.6179465087653
820.5934588625432,538.5383562798501
819.367566991806,548.477796420455
818.6056305656433,558.443223780632
817.6536807827316,568.3819995880276
817.0370648040771,578.3615323333739
818.1650413743555,588.2758625374586
819.4049666331019,598.1988992060125
821.311827750206,607.9870819454193
824.1269884434491,617.576641664371
829.0175468873978,626.2082724390029
836.54018138659,632.3228372523785
846.0175732145309,635.2342247303724
855.7936192703247,634.1106788101197
862.0237439066173,626.6265062061548
865.151663435936,625.2620871138573
869.5525498046875,634.2409067993165
872.6105408927203,643.5831376212835
872.2510231628419,653.4772833404539
868.7181320408583,662.6790568443537
861.9860568443537,670.0151426017284
853.1867776365281,674.185413898468
843.5166500940323,676.736913843155
833.6633660926818,677.7739957389832
823.8377195129393,676.4848375797272
817.5664601287841,668.9897266082764
818.2758729438931,671.5833144336939
823.6783931274414,679.9636693115235
826.7746264810562,689.2431493988037
827.2443166068792,699.1490437499285
823.8684657363892,708.4432540903092
819.4667990636826,717.4104354982376
815.0433398437499,726.3093203125
810.6487439066171,735.2540729486942
808.3051902248859,742.7387071284056
800.3423079519271,736.8626155289412
792.7304370117188,730.38505859375
785.6827644501924,723.3978572015762
779.9146293088197,715.3133689616918
773.7933999252319,707.5534934158326
769.5842916505038,698.5175048633367
766.8221549501419,688.9177142083645
765.4056472167969,679.0408341064453
767.2596617393494,669.3301976089479
771.085535665512,660.1052156505584
767.1537259521485,669.1255475463868
760.9404901809692,676.4452189865112
751.268783683777,678.1282229604722
741.9334630889894,675.5772372665405
735.0118203124999,668.9293408203124
737.8887624380739,659.6056839645951
741.0304536572248,650.124372298792
743.1190237951279,640.3727413597107
750.6183659478427,634.2987980042695
758.1313904504775,627.738520526886
764.2270542904139,619.9578004037141
770.4738147839307,612.2362075608969
774.6174729003906,603.2217559814453
778.1431935874223,593.8889762082101
780.4608243179321,584.1513345718383
781.8132881889344,574.2610624485015
784.243063471675,564.5796053980589
786.0879448127747,554.7374425058365
787.593100455761,544.8623060744106
786.7449038991928,544.930507522583
778.7347351730615,550.2379003644735
771.5933998823762,557.149554735899
764.7339315669833,564.3988331975489
759.0603401966094,572.5990050439834
756.1259151611329,582.1018729248046
752.1628051427007,591.2757932633458
749.3288746366501,600.866182059288
747.114823445916,610.6185000422001
745.1514381750823,620.4225245890617
743.8658994532825,630.2956576585769
743.2837799807786,640.2180776447058
740.861232448116,649.9090061318129
737.888112197876,659.456579208374
733.1535073977709,668.2305268583298
726.883362121582,675.9858974878788
719.5653149077891,682.7950262727737
710.8602415809631,687.6379751739502
704.2875786132813,694.5944643554687
708.344251967907,685.5556691616773
710.3700000000001,675.9900828247071
709.3736511048675,666.0806933884323
703.9560278209448,658.0464391391724
697.637164767772,650.3629965386242
691.2436841877103,642.695130665362
689.2650330370367,633.2345873506964
690.1785077408404,623.2776020573974
688.6671789805217,630.4975854942631
685.5474067953229,639.8399886744618
678.9937723231316,647.1785019580126
671.388088817209,653.5674814157337
662.6080883097649,658.2781416773796
654.0071675021946,663.383186198771
645.4042473983764,668.4477732181549
640.0302503657341,676.6650773249567
634.0336412180961,681.1008055657148
627.2792967510223,674.227890253067
625.6021859262884,668.0146130397916
626.3847530920804,677.94563780725
623.5733998370171,687.3559201955795
615.3576549839973,692.6115517914295
605.9043475341797,695.7292327880859
598.4449390125275,702.0238676071167
591.615779722929,709.2669401466846
586.1951953125,716.7529296875
590.2955673103035,725.6649340689182
597.0251048345864,733.0711629837751
605.4013262939453,738.0885543823242
615.3220292729139,739.3877174220979
625.1509536457062,737.8274374008179
633.9522815299034,733.8447360657156
640.7838488769531,726.6329650878906
635.9150300271623,730.3036985844374
630.1008908775449,737.9054164551198
628.4371081359983,747.6646017311962
629.4192106343507,757.5943552732467
631.6457200864552,767.33002379179
633.0631263319254,777.2367935024502
631.728734375,786.9363642578126
628.7130950403213,796.4809533957243
629.8251905295402,798.9944817615151
639.7300810470581,799.118624368444
649.6169024775028,798.7859225121738
658.9793295565248,795.2412874107658
666.8621776684523,789.3570617884398
673.9023016233742,782.422383845359
679.5623464036584,774.2018851302564
683.506330046773,765.113550561905
686.7062420139313,755.6604782168865
687.7669806013107,745.748044353485
687.0863082010746,735.7729791589975
683.8987265713216,728.5789487086535
687.7897354145701,737.7640178865232
694.6165414938927,743.48968296957
704.5888261826932,742.999310718
713.7620489783287,739.5139510216713
720.7498619779647,732.3578341484126
726.308357439518,724.1759010436535
729.5261508178711,714.7453735961915
730.7399575151205,704.842405211687
729.9148773803711,694.883707824707
727.2183462513779,692.1064320750069
721.0877085037232,699.9302771091461
712.2686694301366,704.5968615852595
702.5410172471999,706.2393275976181
692.6588643584103,705.0834354119899
683.4464989013671,701.3838381347656
675.6207879323958,695.1644553909302
668.9125264765769,687.7761463737636
665.3693716659546,678.7483681564331
663.4131356029511,668.9817651090623
660.5705529029518,661.6524873470664
651.427700958252,665.6415758132935
643.7071046233475,671.8941639825646
638.4866157226563,680.2308315429688
632.0461796264649,681.5546108398438
626.9364517822266,672.9532459106447
625.9819574026019,663.5979537286014
628.2497313899994,653.8789721431732
633.4528196841031,645.6323732464314
635.333715168953,635.8056412357091
638.65125,626.3985
640.524149922371,616.6004859480857
641.9997001953125,606.82383984375
644.175473106742,597.192372111097
648.6940723849535,596.0803836108446
657.4815744941234,600.0866645710469
661.9615276018382,600.3591345460414
652.9424137603938,604.6850405160039
643.7443506612777,608.2171244678497
641.464,600.2118705163002
643.641015449509,590.4828036967814
644.7128465869428,580.5545305165053
645.3386632725001,570.5721728982926
646.3283794006556,560.6229290864021
646.5032172348965,550.654218201967
650.3198094406127,541.9716169891358
658.4793480873109,536.257878603816
661.7392122051567,542.2234841477871
662.6867895169258,552.025344222784
667.7225314331055,560.5694961547852
674.5245470505953,567.8530313670635
683.0241618853807,573.0944085866213
692.5880709838867,575.745210647583
702.3986382772028,573.9523371340036
711.9577709721028,571.0700986902417
720.5909771620036,566.0403603087663
729.1757143981458,560.9059932886362
736.6517554140091,554.3513513240815
742.9110355472565,546.718923128128
746.2365299266577,537.4153253499269
741.2220137841255,529.9557735813111
731.2667421971263,530.3786901503951
723.2206792068481,535.6496906127929
718.251252524376,543.9037073316574
716.6997944107056,553.7417531051635
717.1777466478349,563.6412399435044
719.4645005693436,573.2023540287018
710.7103283260316,572.7980243752451
701.8110405273437,568.30996484375
694.6836543083191,561.4511839017867
690.5136743403673,552.6735300331115
689.4987766183615,542.8326343809366
694.7844451040029,535.4191604223251
687.68758215487,534.9472079743147
677.9620077919365,533.6518111952246
669.2208995771408,528.9299466791153
660.7832493133545,523.6862793502808
654.314555144012,516.1907114921808
647.3072417216301,509.0676153419017
646.7465447038692,517.7029477244243
646.6809720411059,527.7022528119012
646.5850430865586,537.7141198031604
646.0961278592632,547.70195944648
645.6070855398477,557.6923954002559
645.1188738386892,567.6658630096354
644.2994060324319,577.6408054362983
643.1421264660358,587.5603445768356
642.479541738464,597.5398619977641
641.8263643902657,607.5241443202249
640.5695985251853,617.4067211453803
637.9179583740234,627.0363616943359
635.4257005256416,636.7262478098273
632.9739672484623,646.4188242373057
630.1175864887238,656.0043716430664
625.2895848201053,664.7494312692434
620.4556408067048,673.5052543878555
615.2203176383674,681.9996149837971
608.8580092144012,689.711503982544
602.1186846446991,697.1060888767242
595.2545425506703,704.3654574493298
588.1886741047406,711.4313258952594
581.1204334913492,718.4995665086508
573.3908461837768,724.8714563541412
565.34878125,730.7392499999999
556.55954296875,735.48534375
548.1443798722513,740.8466192587354
540.3497605478764,747.0831164963245
531.6549169522524,752.0115907533169
522.7965773710795,756.6668567569799
513.9151233945787,761.2420166622381
504.92535681545735,765.6162338852882
495.52846589660646,769.0447006225586
486.5420598433018,773.4332064390182
477.40716525508464,777.4449800258558
468.03776747329533,780.9353562700953
459.13516399192815,785.4236782150268
450.4158828868996,788.4031453574001
441.2000465437604,784.5152447743615
431.9895173365872,780.6295831218171
422.7689658181855,776.7396933397553
413.55399244031867,772.8521568173468
404.3705182736367,768.8860041469038
395.21957877230574,764.8748291696631
386.06311647073926,760.8612333570421
377.27966237597536,756.09684869406
368.5046711546644,751.2885256503779
359.8338352755308,746.326185153231
351.6114037904844,740.6254089560186
343.3998271072414,734.9321586099926
335.200657842666,729.1905464547127
327.18698684958974,723.2139110201837
319.1708248078264,717.2354177492316
311.4248773535062,710.9118236263673
303.8083519926574,704.4299743485096
297.3123465425074,696.9183303958637
291.49543220761416,688.7990086557905
285.6715699045658,680.6699888549168
280.8804496824946,671.8921312120352
276.24557081635294,663.0437261039467
272.09551258969304,653.9612413947285
268.419237782035,644.6477667970075
264.74604186627266,635.3420922640153
262.3601478941571,625.6671192295961
260.32572761887286,615.8761140194996
258.3878307990413,606.0630254875683
256.9554913463637,596.1675011641062
255.52194531599247,586.2636410240941
255.04708918772081,576.3053584334906
255.20304336624008,566.3144560600596
255.29263418723173,556.3256192101771
255.30683005703187,546.3233538578323
255.3210339856641,536.3154103344773
255.3352379605582,526.3074342154384
255.3494121551863,516.3204409686958
255.36362354164643,506.3072427356935
255.37779164382246,496.3245421686451
255.3919951421627,486.31690182461637
255.4061982370632,476.30954574015396
255.4203767837956,466.31948604502884
255.43456398540087,456.323328214527
255.44876526558141,446.3172507632826
255.46296336570433,436.3134139482273
255.47714280599496,426.32272466104644
255.49134463604912,416.31625977440734
255.50552343361454,406.32602334489115
255.51973239822087,396.31453152542406
255.53393244036988,386.3093263785293
255.54811784205566,376.314436753035
255.56229813250462,366.32314845295946
255.57650666933182,356.31195804232846
255.5906889623065,346.31925878301763
255.60489050874162,336.3129937314719
255.6190712691066,326.321374333353
264.9792884507133,325.61916713923586
274.9761614300186,325.56807575169984
284.9735193220179,325.5169818859026
294.9794763432893,325.4658440722183
304.9719342836674,325.4147752487847
314.97531385322884,325.36365060777786
324.96273341100243,325.31260753419207
334.9741084774594,325.26144203030435
344.97044666901604,325.2103533759278
354.97066843713446,325.1592448736133
364.9694708308029,325.1081436253482
374.97606794703813,325.0570025403069
384.9773238506337,325.00588875279806
394.96698630167987,324.9548342163749
404.9618945568667,324.90375287002695
414.9664644605801,324.85262214553546
424.97056235266115,324.80149383337124
434.9659853054688,324.7504098565392
444.9639059828482,324.6993131144941
454.97654897959706,324.6481411305482
464.96272568153347,324.5971044088716
474.970543404518,324.5459570856302
484.97573232028606,324.494823197531
494.9707687766942,324.4437411959804
504.96381827001744,324.39266934927525
514.9769800326992,324.3414947140532
524.9768168561866,324.29038817908946
534.976398833293,324.23928294657856
544.965112816538,324.1882332575247
554.9710037359538,324.13709578166953
564.9763731320276,324.08596097118294
574.9770993719868,324.0348498906456
584.9721307468145,323.9837679150656
594.9617315707724,323.9327136936023
604.9690750268006,323.88156879421456
614.9700930827518,323.8304562222825
624.9688735197612,323.7793550862321
634.9738102790669,323.7282224868382
644.9637866758723,323.6771663459209
647.1131600541192,331.68269808394086
647.5764927212743,341.6400538640022
649.7481534068138,351.4113055424691
657.6913090598583,356.9077282590866
660.3694476745129,366.521869505167
661.3403498858511,376.4681585757435
658.111393628329,385.5398493427783
651.717505203247,393.1875258016586
648.6019203315228,402.12214940357217
648.6136379636674,412.0996106743514
648.040491829872,422.09057063293454
647.8053848775525,415.25714294901866
647.6297575949878,405.2513907189555
647.4543122634888,395.25600451660154
647.2948713371344,385.252467819389
647.5085305675375,375.26878381043156
647.7228014926911,365.25651705741876
647.9366358590361,355.2646494474106
648.1506195861142,345.2658026380441
648.364369783897,335.27786798393356
648.5786132166386,325.26688587260253
640.5977962909936,322.48879083096983
630.8225876958239,320.5571166295558
621.2441392734661,317.7034289178497
611.7173388671874,314.64736767578125
602.0209643148091,312.28321361485126
592.2552392462939,310.1902705537081
582.5185765026807,307.90317314434054
572.711750511527,305.89727705287936
562.9220312499999,303.92731249999997
552.9727255915105,302.8430382813625
543.0648183289263,301.61377971562746
533.1675840301365,300.1656224833728
523.2210800514221,299.12596181333066
513.4149308667182,297.2194829760045
503.61322276878354,295.2575128251314
493.97921225324455,292.6299126347434
484.38557134723663,289.8668120602369
474.6039244995117,287.7726130800247
465.01684521293646,285.4843526242972
455.13540589805507,285.3157867121454
449.69321048247815,279.12282563579083
449.286,269.1274076887798